-0.000000000000000000e+00
0.000000000000000000e+00
-2.757908724502032491e-07
2.573760760966211532e-07
-1.362555993085923885e-06
6.482646211242408770e-07
-3.363050558308980726e-06
4.646054639701611329e-07
-5.948900247255309774e-06
-1.018199960157496154e-06
-8.380419288043681417e-06
-4.323720540885739144e-06
-9.623640806860286968e-06
-9.579650892305197090e-06
-8.549011832160901056e-06
-1.638538746617689682e-05
-4.181145038161506930e-06
-2.377310427984938456e-05
4.041820810797688928e-06
-3.027944017139272881e-05
1.604553940809678851e-05
-3.412749141943795933e-05
3.097760302503984692e-05
-3.350038361002097417e-05
4.718152194107966550e-05
-2.687095328107847350e-05
6.230636222018105081e-05
-1.333955540640015738e-05
7.355250569038870954e-05
7.074203168189092079e-06
7.803298297005661617e-05
3.323862410029195647e-05
7.321006082641416245e-05
6.285951566835015899e-05
5.735111767172278245e-05
9.259934656846243080e-05
2.993880449317096732e-05
1.183712982211185038e-04
-8.030193766385983854e-06
1.357890263604077908e-04
-5.391507892367448191e-05
1.407288164685638852e-04
-1.035097620241328011e-04
1.299403859810760052e-04
-1.513466942480451037e-04
1.016288814130315746e-04
-1.912132652358346523e-04
5.592599297090944664e-05
-2.168387467947357648e-04
-4.826097842112863597e-06
-2.226828888955312985e-04
-7.603791296100080208e-05
-2.047367978387253833e-04
-1.511174183298888874e-04
-1.612357586438070331e-04
-2.219983609726129908e-04
-9.318437630288060078e-05
-2.799186603707761681e-04
-4.607647325540271687e-06
-3.163806660724622168e-04
9.753327843726329312e-05
-3.241957457668668760e-04
2.037869739161933145e-04
-2.984956654814981082e-04
3.030043306226785959e-04
-2.375857432800386015e-04
3.834199273362233506e-04
-1.435217104553040404e-04
4.339243726444979156e-04
-2.231385990374210236e-05
4.453981281667983619e-04
1.163029180564092535e-04
4.119582652963634114e-04
2.595494996343874973e-04
3.319662570543742051e-04
3.926986626787320653e-04
2.086589687111038661e-04
5.005013753686791576e-04
5.029611175618708941e-05
5.688122689797352151e-04
-1.302367616926927696e-04
5.862494048207172624e-04
-3.163742162894963672e-04
5.457055621068387843e-04
-4.893090101670734011e-04
4.455297347536031302e-04
-6.298057818312222588e-04
2.902194998432030496e-04
-7.202226762153397625e-04
9.050641326850545330e-05
-7.465368966535576188e-04
-1.372256166938053037e-04
-7.001538109484196524e-04
-3.721804224128959530e-04
-5.792859087430306080e-04
-5.909667059625260200e-04
-3.897186593337665641e-04
-7.698417553483066387e-04
-1.448331461557411561e-04
-8.871738028198206030e-04
1.351738659256315886e-04
-9.258761031344374696e-04
4.248497055874283124e-04
-8.755510143310341010e-04
6.957173903805619628e-04
-7.340948055979492660e-04
9.189918099583313862e-04
-5.085539984216452944e-04
1.068528561579532672e-03
-2.150892810177603993e-04
1.123711820429386648e-03
1.220121594819739832e-04
1.071974255860600779e-03
4.722383669877869890e-04
9.106605224318428888e-04
8.015320993080836572e-04
6.479960113581437762e-04
1.075521134162429069e-03
3.030009566405062241e-04
1.263000212080277402e-03
-9.570997576861826406e-05
1.339320159476303437e-03
-5.121900598275140777e-04
1.289327894879544216e-03
-9.063187881556664148e-04
1.109525782662120754e-03
-1.237586975553280023e-03
8.091795588031931025e-04
-1.469158795135441353e-03
4.101965002349876972e-04
-1.571811445321119821e-03
-5.428804131379326030e-05
-1.527342676174915214e-03
-5.425484941345441649e-04
-1.331067308663847100e-03
-1.007934230962724033e-03
-9.930958854981282100e-04
-1.403248668744634924e-03
-5.381958616181985481e-04
-1.685438347750182640e-03
-4.169461117677578014e-06
-1.820133989917832422e-03
5.611702223631955064e-04
-1.785575723739333837e-03
1.104196217910247352e-03
-1.575492051284490495e-03
1.570478132242288018e-03
-1.200585477735429231e-03
1.910144833583598753e-03
-6.884006431953652774e-04
2.083078721765652380e-03
-8.150301163134444254e-05
2.063411460206316436e-03
5.659373338750790317e-04
1.842834297769342178e-03
1.192895981779314770e-03
1.432331520130384738e-03
1.737170963308376980e-03
8.620846290393721807e-04
2.141464789332788842e-03
1.794661387077510744e-04
2.359284648625242179e-03
-5.547702431707390814e-04
2.360063370122197565e-03
-1.271810909562951387e-03
2.132953596657516729e-03
-1.901157861648679163e-03
1.688854299165787028e-03
-2.377474628987148470e-03
1.060384946267381879e-03
-2.647245131837159572e-03
2.997142654114400289e-04
-2.674576729268549752e-03
-5.256400926634132538e-04
-2.445533681004706788e-03
-1.338717228899735656e-03
-1.970506276157575013e-03
-2.060216549699063308e-03
-1.284293980591498128e-03
-2.616150520544693533e-03
-4.437939882365446237e-04
-2.945314939471705383e-03
4.765812159984449429e-04
-3.005832141581211113e-03
1.391402916018741678e-03
-2.780082188976760148e-03
2.212083946580187602e-03
-2.277468100482325526e-03
2.855378885608732611e-03
-1.534651852304777042e-03
3.251718056252783477e-03
-6.131328131091053936e-04
3.352549993914180366e-03
4.057031440413458962e-04
3.135931327337176684e-03
1.427680564613704062e-03
2.609745390772457915e-03
2.354468703325142669e-03
1.812139678428159942e-03
3.092967408332859998e-03
8.090295259305663048e-04
3.564556198359886650e-03
-3.112022793823041359e-04
3.713295741517361540e-03
-1.445400084947638880e-03
3.512239488710979136e-03
-2.485063762037352519e-03
2.967166577084430837e-03
-3.326656401916776654e-03
2.117273792043233762e-03
-3.881817978676442484e-03
1.032645223783575442e-03
-4.086485982929348101e-03
-1.913735147780869098e-04
-3.907993672541073410e-03
-1.442461470896784156e-03
-3.349381339058335027e-03
-2.601559383660216693e-03
-2.450400404539131508e-03
-3.554130788718308943e-03
-1.284994632333394870e-03
-4.201388792169945437e-03
4.462095998996012095e-05
-4.470395388063309189e-03
1.416827335633991146e-03
-4.322012834438411673e-03
2.701655959418857150e-03
-3.755860234717911528e-03
3.773032268522507997e-03
-2.811691412846306030e-03
4.521061155936986244e-03
-1.566938680322740342e-03
4.863164347083950671e-03
-1.305316448648219971e-04
4.752952186203143574e-03
1.366534971773486961e-03
4.185895105027468734e-03
2.783076979792276605e-03
3.201141026315796560e-03
3.980971781654291455e-03
1.879177457861127372e-03
4.838545650241957152e-03
3.354306673107827546e-04
5.262807364428094895e-03
-1.289708546660793325e-03
5.199308197008587103e-03
-2.843582036942835390e-03
4.638600347530238630e-03
-4.175542345211430591e-03
3.618563085540800126e-03
-5.151482442377470355e-03
2.222243745957175418e-03
-5.667222137081512345e-03
5.712837445304682141e-04
-5.659424563924868312e-03
-1.184570568830299077e-03
-5.112915183939294346e-03
-2.880979610570839206e-03
-4.063589460422858089e-03
-4.354331935249618549e-03
-2.596497879309456538e-03
-5.457453054810048124e-03
-8.391507023456039717e-04
-6.074199296001309145e-03
1.049453100170823780e-03
-6.131498932744752078e-03
2.893139759772679967e-03
-5.607606775267955090e-03
4.514936572084426482e-03
-4.535669238349717552e-03
5.753992587671596590e-03
-3.002123148424322516e-03
6.481432748241760730e-03
-1.139935680428681188e-03
6.613590409395052501e-03
8.828084679107974647e-04
6.121274231171078273e-03
2.878006583172715207e-03
5.034069037449076349e-03
4.654973246035802592e-03
3.439121860120483362e-03
6.038602372157178891e-03
1.474380051244257497e-03
6.886530531851512565e-03
-6.832194524938033781e-04
7.103627817914841269e-03
-2.833610448844753760e-03
6.652353466614142029e-03
-4.772093339823586626e-03
5.557873727819706913e-03
-6.308762719902016348e-03
3.907312632393848684e-03
-7.287026318644436625e-03
1.843055355472234024e-03
-7.599418668170185992e-03
-4.494089006546234089e-04
-7.199123012928522816e-03
-2.758079641384977767e-03
-6.105988700152326434e-03
-4.863995347688855435e-03
-4.406328386895987624e-03
-6.561945957671606530e-03
-2.246358264699104598e-03
-7.680391136518390297e-03
1.802487759385829036e-04
-8.098658791739895765e-03
2.649652091472916218e-03
-7.759710439819040087e-03
4.928437742874698310e-03
-6.677142715361937715e-03
6.795629620830761011e-03
-4.935615233792508758e-03
8.064045744914288827e-03
-2.684505111937289523e-03
8.598942611941036082e-03
-1.252318209926277844e-04
8.332099787138932956e-03
2.506686180838672753e-03
7.269891490460611908e-03
4.963251883164777542e-03
5.494432521405918056e-03
7.007309543493439249e-03
3.157528024098730981e-03
8.435373206095848203e-03
4.678383695997171939e-04
9.097773976833277432e-03
-2.327671271907132133e-03
8.914139653697378957e-03
-4.966354320671888430e-03
7.882622452904823607e-03
-7.194513313683804229e-03
6.081853303568712614e-03
-8.791731665927757927e-03
3.665271996312557089e-03
-9.592577534880146820e-03
8.482049381745909375e-04
-9.503552020422224855e-03
-2.111237703599418061e-03
-8.513560400005412351e-03
-4.935758651767101386e-03
-6.696766220889442851e-03
-7.354813335960914446e-03
-4.207391966097194860e-03
-9.130467701259090477e-03
-1.266787409464114212e-03
-1.008071059284123758e-02
1.856165829124561441e-03
-1.009794184375181585e-02
4.869587897684089263e-03
-9.160773441667106193e-03
7.485840004680467501e-03
-7.337877993279588382e-03
9.448929324661152138e-03
-4.783352120727347653e-03
1.055947537458002544e-02
-1.723858619673631623e-03
1.069480715510734252e-02
1.561394929743130161e-03
9.822180713386257853e-03
4.766084866819566071e-03
8.003717257421535947e-03
7.585294282486478891e-03
5.392424828272319483e-03
9.744479617101722488e-03
2.219503486395931618e-03
1.102613173068238937e-02
-1.226031620293959032e-03
1.129154979977612001e-02
-4.623624010627626173e-03
1.049555973767254263e-02
-7.650961155918284753e-03
8.692638177729403171e-03
-1.001450996463379255e-02
6.033691488440908260e-03
-1.147790996454252713e-02
2.753616250521779933e-03
-1.188548694472550162e-02
-8.493558776136303024e-04
-1.117855565473586943e-02
-4.440720633799885401e-03
-9.402826611015633468e-03
-7.680721124904785028e-03
-6.706043925797771851e-03
-1.025645340438981028e-02
-3.325896857407300601e-03
-1.191202421527502893e-02
4.308287757115481799e-04
-1.247386273711244796e-02
4.216041444087326173e-03
-1.186869020128000426e-02
7.672562873086950785e-03
-1.013230561311684839e-02
1.046779826251082422e-02
-7.408186152723814262e-03
1.232568559868935446e-02
-3.935850306109829611e-03
1.305386069295389959e-02
-2.990308577406732419e-05
1.256337208710635658e-02
3.948412863029805708e-03
1.087894290489678333e-02
7.624594255003926992e-03
8.138638491327381680e-03
1.064610071197630639e-02
4.582784790093666176e-03
1.271611597841952601e-02
5.330015144293554115e-04
1.362261630895729263e-02
-3.636829854463740925e-03
1.325990748908394135e-02
-7.535053988122241905e-03
1.164045816630546529e-02
-1.078899831787138303e-02
8.895740765970425179e-03
-1.308056155107269365e-02
5.265812011975173380e-03
-1.417723008587508729e-02
1.078434230607987210e-03
-1.395551129658520288e-02
-3.280463795122863773e-03
-1.241443178384982540e-02
-7.402321979419615623e-03
-9.677657517372697735e-03
-1.089422262643935033e-02
-5.983849087936696405e-03
-1.341630608930594049e-02
-1.665969577178738831e-03
-1.471478092721972657e-02
2.878667784890486057e-03
-1.464731929525312989e-02
7.224930119758886035e-03
-1.319831366615427902e-02
1.095961077922052995e-02
-1.048238468766311306e-02
1.372068503248937733e-02
-6.735619058460438728e-03
1.523233942943427385e-02
-2.295177625432436551e-03
1.533239980378876648e-02
2.430985375998130724e-03
1.398943428665390572e-02
7.001569816137438035e-03
1.130775463515735872e-02
1.098311898117717601e-02
7.519655244600767681e-03
1.399109827149231516e-02
2.965425656116767519e-03
1.572698183228122756e-02
-1.937152584350970534e-03
1.600776705679459247e-02
-6.731103101204822733e-03
1.478501391308464051e-02
-1.096283176634487225e-02
1.215144603281792697e-02
-1.422502384226161445e-02
8.334303952475570140e-03
-1.619580343454814220e-02
3.675880633714258012e-03
-1.667039372120835555e-02
-1.397105087395476538e-03
-1.558217487656360714e-02
-6.412568688502649425e-03
-1.301099014978176517e-02
-1.089697490309172317e-02
-9.177729674355506254e-03
-1.442003066670797216e-02
-4.425508068478071176e-03
-1.663593261488630071e-02
8.109801496163379728e-04
-1.731722456301078641e-02
6.045190221781347392e-03
-1.637795277914999223e-02
1.078392568946450782e-02
-1.388378025979768518e-02
1.457379110049689640e-02
-1.004792079205397808e-02
1.704454475075269093e-02
-5.213073392435350201e-03
1.794519000595937511e-02
1.791185658954968867e-04
1.716930855556159097e-02
5.628383446765933100e-03
1.476708296949025626e-02
1.062222084455773617e-02
1.094269494048273964e-02
1.468409396395082417e-02
6.037146995680232886e-03
1.741887515253801033e-02
4.979309646308710015e-04
1.855121982933154862e-02
-5.161759253118320713e-03
1.795314209774732245e-02
-1.041056870599100723e-02
1.565804626706096894e-02
-1.474885489816646529e-02
1.185970846620826996e-02
-1.775623376320410035e-02
6.896103637043175805e-03
-1.913225718304937401e-02
1.219414818782525766e-03
-1.872630405994303235e-02
-4.645132241649373855e-03
-1.655371300865301348e-02
-1.014785451593931687e-02
-1.279646257061403322e-02
-1.476612903964509387e-02
-7.788131969812392939e-03
-1.805401667839314286e-02
-1.984372064239727125e-03
-1.968527248066634025e-02
4.078521025706179255e-03
-1.948561044108205326e-02
9.833150266755564389e-03
-1.745103099109403602e-02
1.473412225836896912e-02
-1.375031194533418884e-02
1.830972111663886973e-02
-8.711234319918315788e-03
2.020727752377233719e-02
-2.791635518495903107e-03
2.022785572631766171e-02
3.462152700635810244e-03
1.834686521116848240e-02
9.465721828974250213e-03
1.471847746003346336e-02
1.465119861296242804e-02
9.663236501165160114e-03
1.852095671619877898e-02
3.639836546873341343e-03
2.069533909615004288e-02
-2.796466489335082059e-03
2.094982657270896831e-02
-9.045032680474858477e-03
1.923801184884459461e-02
-1.451589413602603906e-02
1.569805185412880000e-02
-1.868545748448245669e-02
1.064179489453543313e-02
-2.114659301762058727e-02
4.527405199359814218e-03
-2.164831639843312755e-02
-2.082112249674248402e-03
-2.012120977075577619e-02
-8.570752066149132237e-03
-1.668601485776002868e-02
-1.432692181872193340e-02
-1.164440039217515960e-02
-1.880109568877588386e-02
-5.452575675838378620e-03
-2.155825755675638833e-02
1.319952456803277384e-03
-2.232013920388620232e-02
8.042756892929955534e-03
-2.099315524055668167e-02
1.408318209848384399e-02
-1.767924234209022546e-02
1.886589026093118959e-02
-1.266839228800304383e-02
2.192764676093967788e-02
-6.413390945761885190e-03
2.296214389027279035e-02
5.110598391475583121e-04
2.185051485661817366e-02
7.461136903839652584e-03
1.867451827671820844e-02
1.378377076270833994e-02
1.371096490721899173e-02
1.887801882843241977e-02
7.407708225880526784e-03
2.225218354571267126e-02
3.432827108931550903e-04
2.357122822644517821e-02
-6.826197704307953966e-03
2.268993953328476282e-02
-1.342798173840770333e-02
1.966855026178809460e-02
-1.883582893133127142e-02
1.476917629225635818e-02
-2.252941161449818763e-02
8.433207657226181320e-03
-2.414435300770591264e-02
1.241584334116096989e-03
-2.350807975361863394e-02
-6.138459063624312172e-03
-2.065797845002215888e-02
-1.301531826332120133e-02
-1.583996292777483522e-02
-1.873784456732064882e-02
-9.487394502712272540e-03
-2.275700948921173875e-02
-2.182153355077955364e-03
-2.467855579147056055e-02
5.398660594787721249e-03
-2.430159830129711984e-02
1.254549366818054519e-02
-2.163939211714833999e-02
1.858277824656423896e-02
-1.692014667367493924e-02
2.293279926054181059e-02
-1.056761552259268336e-02
2.517096472884122402e-02
-3.163096452393814907e-03
2.506718608518229696e-02
4.607756340051257296e-03
2.260934222607944091e-02
1.201843701613168267e-02
1.800645097094871055e-02
1.836953550921883657e-02
1.167106175278541207e-02
2.305475995762674632e-02
4.182329525783484714e-03
2.561881153696799959e-02
-3.766916972788325081e-03
2.580157551221312281e-02
-1.143429588972910173e-02
2.356435570658391154e-02
-1.809722430755900460e-02
1.909551057856855028e-02
-2.312103853543610865e-02
1.279477830486295750e-02
-2.601944479667352150e-02
5.237579992538427334e-03
-2.650155493105733548e-02
-2.877527768841297868e-03
-2.450094974092443395e-02
-1.079343851917034976e-02
-2.018388464150083078e-02
-1.776516151794436602e-02
-1.393568149335543994e-02
-2.312995629173821011e-02
-6.326395425478214575e-03
-2.637034243615727497e-02
1.941181556265713769e-03
-2.716398325798934435e-02
1.009645533873469204e-02
-2.541564604739937616e-02
1.737287541972978508e-02
-2.126807281075298803e-02
2.308002253503264531e-02
-1.509056148539882417e-02
2.666912337101907948e-02
-7.446153180782007913e-03
2.778580319451779551e-02
9.596804914694742486e-04
2.630498615110239691e-02
9.344157311138278840e-03
2.234452506115434944e-02
1.692011463867394358e-02
1.625610103979437462e-02
2.296993917635827345e-02
8.594064904559594112e-03
2.691356012489942023e-02
6.497450778416488648e-05
2.836405545538829565e-02
-8.537578968056994469e-03
2.716554441811748141e-02
-1.640684715272729827e-02
2.340965974247063291e-02
-2.279861051712223780e-02
1.742888413290653513e-02
-2.710158835931593055e-02
9.767191671036559372e-03
-2.889589173031124197e-02
1.130587802065313860e-03
-2.799394405426739244e-02
-7.677972910932946184e-03
-2.445987507859906374e-02
-1.583326640811306973e-02
-1.860540891318782433e-02
-2.256515031107802355e-02
-1.096245036455787553e-02
-2.723131823158753129e-02
-2.234771050742574185e-03
-2.937858789577964952e-02
6.766809031105995749e-03
-2.878687073816470210e-02
1.519979144618094011e-02
-2.549156500042901521e-02
2.226888502695429858e-02
-1.978210447003891578e-02
2.730104430850525260e-02
-1.217662466331306641e-02
2.980955608342151023e-02
-3.374961645611333598e-03
2.954108689728663500e-02
5.805770944369608583e-03
2.650113354258734968e-02
1.450706796957617478e-02
2.095533923242699770e-02
2.190936329402217581e-02
1.340638077377410281e-02
2.730925276830500556e-02
4.548418194421782745e-03
3.018635742522404741e-02
-4.796749672821544463e-03
3.025344604448766683e-02
-1.375596853184276637e-02
2.748500934684128261e-02
-2.148635424650499268e-02
2.212144173737967331e-02
-2.725463218778588839e-02
1.464827359770496870e-02
-3.050671264592050291e-02
5.752240756972948343e-03
-3.092090589058321681e-02
-3.741840761113489257e-03
-2.843966119045442803e-02
-1.294758972157751889e-02
-2.327670779002463317e-02
-2.099985742047048853e-02
-1.589876563042200500e-02
-2.713607807412386774e-02
-6.983375649475012832e-03
-3.076851324036883328e-02
2.643336152752203717e-03
-3.154054204942391415e-02
1.208325241457093926e-02
-2.936161134056646319e-02
2.045009869343655806e-02
-2.441742156203280043e-02
2.695270178406818790e-02
-1.715423537003058288e-02
3.096983180202585173e-02
-8.238626154191361697e-03
3.210956083168271802e-02
1.503717344256476091e-03
3.024745088666837625e-02
1.116449705293395649e-02
2.553986525875466540e-02
1.983753691621576234e-02
1.841099507565244903e-02
2.670383387413159670e-02
9.514665779093519141e-03
3.110893108745816510e-02
-3.256472604758732189e-04
3.262531166060370774e-02
-1.019307995990529660e-02
3.109385379696232021e-02
-1.916286086422977486e-02
2.664033713626192193e-02
-2.638903187355656765e-02
1.966530003701245921e-02
-3.118427332360498155e-02
1.080804801212601959e-02
-3.308529896596287823e-02
8.880381942383897605e-04
-3.189759092198492935e-02
-9.170968320532232529e-03
-2.771516595828765056e-02
-1.842698875802002700e-02
-2.091336856542394193e-02
-2.600808037162546590e-02
-1.211522126158929430e-02
-3.119452749328150906e-02
-2.134342323642096639e-03
-3.348719340974216918e-02
8.100334241964914084e-03
-3.265554366706881900e-02
1.763106863046233833e-02
-2.876072438869240605e-02
2.556099651833465547e-02
-2.215139263538032019e-02
3.113857620969367329e-02
-1.343254201318244169e-02
3.382884267006051188e-02
-3.410113172803971859e-03
3.336471727274874233e-02
6.983547916346870450e-03
2.977344488105494041e-02
1.677647419496160891e-02
2.337555317207329689e-02
2.504803184298793131e-02
1.475628610861198439e-02
3.101552282096051508e-02
4.712059110624291190e-03
3.410828134184377275e-02
-5.823169913324632505e-03
3.402225364385431938e-02
-1.586480166799269370e-02
3.074983392623766368e-02
-2.446967151785893468e-02
2.458203691060457594e-02
-3.082469605541307209e-02
1.608266461693249466e-02
-3.432373997022384465e-02
6.036760206102668308e-03
-3.462544366993518946e-02
-4.621942633122746481e-03
-3.168648635845786043e-02
-1.489786525838718290e-02
-2.576704950215834983e-02
-2.382663594173769009e-02
-1.740783772535835217e-02
-3.056565457147513917e-02
-7.380678095267340783e-03
-3.447365385117734382e-02
3.382781479017707080e-03
-3.517173893142070545e-02
1.387769172076496263e-02
-3.258009936125128708e-02
2.311987786123919156e-02
-2.692683232873053015e-02
3.023819096288155386e-02
-1.872792847610589215e-02
3.455667057512927520e-02
-8.740170449557219806e-03
3.565876302874320530e-02
2.108763181595458332e-03
3.342748592071450447e-02
1.280651449223233103e-02
2.805767493110315758e-02
2.235058301067346237e-02
2.003904124054859542e-02
2.984233205290156773e-02
1.011150650251464722e-02
3.457165621085533935e-02
-8.031159591210605382e-04
3.608432184173449714e-02
-1.168676497069949180e-02
3.422558865328263061e-02
-2.152016440255259330e-02
2.915593226505405061e-02
-2.937834300453629616e-02
2.133727216782867198e-02
-3.451770268027302274e-02
1.149087527935477131e-02
-3.644641329990645773e-02
5.307909089500692425e-04
-3.497149206657470394e-02
-1.052106532640781529e-02
-3.021803879138726390e-02
-2.063025856086551924e-02
-2.261872354762320056e-02
-2.884672891832063338e-02
-1.287440656437595018e-02
-3.439413097379570572e-02
-1.889460823571288131e-03
-3.674323649777219009e-02
9.312220633075822193e-03
-3.566243447916641468e-02
1.968272557559862246e-02
-3.124051941031252139e-02
2.824822853838708514e-02
-2.387952678497981540e-02
3.420049607561136129e-02
-1.425818187712409729e-02
3.697319989518718653e-02
-3.269281524199215035e-03
3.629582017404975325e-02
8.063207617859649914e-03
3.222000937821856148e-02
1.867963480647296878e-02
2.511584873565485612e-02
2.758381917063078628e-02
1.563824880882707519e-02
3.393659040013781436e-02
4.666541103063146304e-03
3.713492843943726196e-02
-6.777164678222626949e-03
3.686923017782321732e-02
-1.762326529426345989e-02
3.315326295640752541e-02
-2.685471107921839906e-02
2.632391106970081995e-02
-3.360244486072751224e-02
1.701063859986193944e-02
-3.722727054798865426e-02
6.077436225586822956e-03
-3.738043253901920937e-02
-5.457380693520730817e-03
-3.403716947355928807e-02
-1.651609347362202954e-02
-2.750000498867571225e-02
-2.606234390409577911e-02
-1.837137577958411136e-02
-3.319833272460338824e-02
-7.498091226672129982e-03
-3.724930332865878518e-02
4.107283176197995198e-03
-3.782739186890591437e-02
1.536078753978636566e-02
-3.486876425186011957e-02
2.520838725132891131e-02
-2.864050117270260098e-02
3.272476470371653984e-02
-1.971650340359100764e-02
3.720033680120732322e-02
-8.924573179400827408e-03
3.820827814282495155e-02
2.730425243005111125e-03
3.564524041486923089e-02
1.416019934022730992e-02
2.974187486444756015e-02
2.429472380973950185e-02
2.104208825849926412e-02
3.218249319361542876e-02
1.035289835514856781e-02
3.707991950691780919e-02
-1.330474870176049165e-03
3.852147445785903540e-02
-1.291734638288721121e-02
3.636396359329227557e-02
-2.332345541965689245e-02
3.080070813443827951e-02
-3.157250791860723160e-02
2.234424101877756016e-02
-3.688783822179661498e-02
1.177906054136668851e-02
-3.876558442549452033e-02
8.880202825238795881e-05
-3.702247751709543400e-02
-1.163541368884732884e-02
-3.181370687739314140e-02
-2.229689312191337341e-02
-2.361913026028534396e-02
-3.089603363542735293e-02
-1.319903457402172783e-02
-3.662412248396827025e-02
-1.523552144996466939e-03
-3.893943819164415177e-02
1.031773116092226002e-02
-3.761851854677477486e-02
2.121754064144065408e-02
-3.277771986819077998e-02
3.015452635719541308e-02
-2.486299727576508911e-02
3.628904405263564531e-02
-1.460879715245306902e-02
3.904209755517264180e-02
-2.969855498449028991e-03
3.815002286903559220e-02
8.967766753762946436e-03
3.368974173859798360e-02
2.008809861071572320e-02
2.607217062691010584e-02
2.934966861938820629e-02
1.600434103467707897e-02
3.588311696976164561e-02
4.423727341528264564e-03
3.907286089915837368e-02
-7.589113831797952327e-03
3.861513519792040411e-02
-1.891144456606930896e-02
3.454693224707210825e-02
-2.848336461874744971e-02
2.724307952129930918e-02
-3.540709636219942225e-02
1.738169030807958787e-02
-3.903126563942012350e-02
5.881149366563133592e-03
-3.901221738866429006e-02
-6.185473311968883378e-03
-3.534662421533787957e-02
-1.769062729255313840e-02
-2.837227189484351278e-02
-2.755772956493611481e-02
-1.873691556128481359e-02
-3.486197625416039697e-02
-7.338072054475721848e-03
-3.891709152418620921e-02
4.760646786287280399e-03
-3.933985375128090656e-02
1.642885476412367374e-02
-3.608633476122911909e-02
2.657509032220655223e-02
-2.945641931368256014e-02
3.424898639829945107e-02
-2.006614889203602037e-02
3.873036161752817230e-02
-8.790435766749028074e-03
3.959685797295892790e-02
3.318517792795302058e-03
3.676377513028066674e-02
1.512948236288452243e-02
3.049233834814860794e-02
2.553796895547888815e-02
2.136559868660580300e-02
3.356958813802406877e-02
1.023418492510234923e-02
3.847134282081930701e-02
-1.863037241292008839e-03
3.978227787190450476e-02
-1.379600159304121380e-02
3.737685933661479692e-02
-2.444907857060290429e-02
3.147699792403672869e-02
-3.282546931790666228e-02
2.263156410722494405e-02
-3.814054530996064535e-02
1.166528335802773618e-02
-3.989539913526578968e-02
-3.982145173762958643e-04
-3.792371445180044848e-02
-1.243202154475735351e-02
-3.240753482999229884e-02
-2.331130883653811242e-02
-2.386044922527402745e-02
-3.201853826327757946e-02
-1.307972958493495291e-02
-3.773872097856716123e-02
-1.071910622844300361e-03
-3.993574889005262196e-02
1.104126769978905354e-02
-3.840268354261587580e-02
2.212771985394585902e-02
-3.328126095008319962e-02
3.115091685418121259e-02
-2.504877673951627984e-02
3.726686089317378381e-02
-1.447357197244657570e-02
3.990309729796510940e-02
-2.543266664872150147e-03
3.881233791939699140e-02
9.627551137767467390e-03
3.409567393582480649e-02
2.090153105275677214e-02
2.619320122045533730e-02
3.022493272287106805e-02
1.584292369792665578e-02
3.672619177086973441e-02
4.011778741189318820e-03
3.979745884828966851e-02
-8.194771223915547562e-03
3.915147736629483871e-02
-1.963610419648673111e-02
3.484847008636861310e-02
-2.924311142120413279e-02
2.729052095245908249e-02
-3.611817149407300920e-02
1.718397745615832597e-02
-3.961909237813687062e-02
5.473378062038224481e-03
-3.941913827937373882e-02
-6.746889564758824613e-03
-3.553755038150729906e-02
-1.833493464841419104e-02
-2.833769441971466588e-02
-2.820816290144384161e-02
-1.849301878987625811e-02
-3.544448423252961194e-02
-6.924017281151181522e-03
-3.936850037393554297e-02
5.287916106141563564e-03
-3.961459654744260012e-02
1.700163831559180910e-02
-3.616102861200860830e-02
2.712297943051901819e-02
-2.933184308229450088e-02
3.470703133769656445e-02
-1.976644537688342779e-02
3.904642627960792922e-02
-8.359690457187624046e-03
3.973736924784689040e-02
3.821899879627386250e-03
3.671724051950584627e-02
1.563993370010778594e-02
3.027027089611958321e-02
2.599061651518777202e-02
2.100077003097455472e-02
3.390792961049614307e-02
9.776441089624353376e-03
3.865385271226360470e-02
-2.352909044723238818e-03
3.978721729762695752e-02
-1.425363312172409601e-02
3.720474723278702905e-02
-2.481428535119612269e-02
3.115047002774238780e-02
-3.304949768380196357e-02
2.219264433019569813e-02
-3.819199723379917283e-02
1.117038057933276464e-02
-3.976414595902053734e-02
-8.850155132471885198e-04
-3.762234053726055960e-02
-1.284662955397554950e-02
-3.197013031954876183e-02
-2.359734071930244884e-02
-2.333886584521580390e-02
-3.213424984425277547e-02
-1.253770845779465966e-02
-3.766230565559686161e-02
-5.777144939550569840e-04
-3.966840443451691983e-02
1.142287183840267825e-02
-3.796905087467408041e-02
2.234326340449591802e-02
-3.272715128808603019e-02
3.116488648632918107e-02
-2.443639016861491597e-02
3.706645148157142883e-02
-1.387470964239149833e-02
3.950048486270561765e-02
-2.031247611751212101e-03
3.824414642718455132e-02
9.986360772593936425e-03
3.341964272276386205e-02
2.105565638863573022e-02
2.548234590331836108e-02
3.014428076021117078e-02
1.517779088452187765e-02
3.640632217944829441e-02
3.471586674212046465e-03
3.926111979773099642e-02
-8.541128387859191207e-03
3.844713759334248554e-02
-1.973822254105788571e-02
3.404593787848019665e-02
-2.907547167396520860e-02
2.647403953637622251e-02
-3.568401703881497050e-02
1.644347722938817313e-02
-3.895127910579949254e-02
4.894791649163714002e-03
-3.857777813730987188e-02
-7.091222616429900504e-03
-3.460459873769173439e-02
-1.839475011140892166e-02
-2.740896986088632928e-02
-2.796164863441192791e-02
-1.766843161783423002e-02
-3.490183658006505707e-02
-6.296994362919181888e-03
-3.857216555179211748e-02
5.640697700151888795e-03
-3.863606450046738749e-02
1.702910738493895390e-02
-3.509441573292425287e-02
2.680614295556970478e-02
-2.828483264339669984e-02
3.406227316615642597e-02
-1.884946705244135504e-02
3.812521059310439858e-02
-7.674407200899964476e-03
3.862223728799122485e-02
4.193587371311145381e-03
3.551441710913948863e-02
1.564521877803292521e-02
2.909953388870573088e-02
2.561241006056304975e-02
1.998355316514374355e-02
3.316800384120959649e-02
9.023347556952302992e-03
3.761206670527665608e-02
-2.753901110942898103e-03
3.853677753739565698e-02
-1.424705065756387730e-02
3.586387086401278401e-02
-2.438402008711373914e-02
2.985119297748231593e-02
-3.222187464411269131e-02
2.106783637231477574e-02
-3.703460095230606819e-02
1.034024558407715434e-02
-3.838040517384318229e-02
-1.325603310049185612e-03
-3.614228440567242989e-02
-1.283860146309904679e-02
-3.053815357042639900e-02
-2.312463874650081894e-02
-2.209964476346588241e-02
-3.122689171029283811e-02
-1.162165188309677126e-02
-3.639488891157028477e-02
-8.740045793677608821e-05
-3.815407522659269163e-02
1.142388116082166186e-02
-3.634940788400380096e-02
2.183802287058887737e-02
-3.115898117392296163e-02
3.018621342282788722e-02
-2.307649214472195023e-02
3.569520351698009936e-02
-1.286426016565017129e-02
3.785897330260022675e-02
-1.481278037895541241e-03
3.648523198921678479e-02
1.000690242254060995e-02
3.171247759001285388e-02
2.052799322732524676e-02
2.399610065445441365e-02
2.910312795749816009e-02
1.406491365260350603e-02
3.493800695715417598e-02
2.852284955044809365e-03
3.749651012679763862e-02
-8.591654556193848574e-03
3.654999037312772064e-02
-1.919842869009598385e-02
3.219767741332218991e-02
-2.798105450900995050e-02
2.485638961378981715e-02
-3.412594021084414814e-02
1.522061754724157029e-02
-3.706831517400406562e-02
4.196778277566605084e-03
-3.654415427546847672e-02
-7.182099214467049970e-03
-3.261385175330655528e-02
-1.785325048860879338e-02
-2.565550446946194760e-02
-2.682351212260166914e-02
-1.632854968911034640e-02
-3.326181214710516310e-02
-5.511230020984055414e-03
-3.657622942140590500e-02
5.782150030920864617e-03
-3.646843128145710322e-02
1.649640323859367236e-02
-3.296051222735527780e-02
2.563412067655847226e-02
-2.639180455510131348e-02
3.234858848757776739e-02
-1.738606950086220640e-02
3.602229725439018426e-02
-6.792240037515844334e-03
3.632376107549830507e-02
4.395658996790566958e-03
3.323741164270614667e-02
1.513183862781850714e-02
2.706387687502372769e-02
2.441657940642339222e-02
1.839073287083596922e-02
3.138937650675730634e-02
8.036548335971734069e-03
3.540875756221577297e-02
-3.026402058177879700e-03
3.611131059293706119e-02
-1.376351010201302613e-02
3.344453892365482212e-02
-2.317465290309222298e-02
2.767053922211982694e-02
-3.038742024149911763e-02
1.934028614003678245e-02
-3.473803406354183942e-02
9.241046780330225072e-03
-3.583246825226255733e-02
-1.678065078313854168e-03
-3.358212436502223952e-02
-1.239534394647857397e-02
-2.821083992211262728e-02
-2.191216040889288480e-02
-2.023269167214317849e-02
-2.934607722380126391e-02
-1.040279011794753919e-02
-3.401272490518457425e-02
3.542302245861943429e-04
-3.548883729465047987e-02
1.103123519205912589e-02
-3.365063226780548589e-02
2.063295173392238821e-02
-2.868406757662568876e-02
2.826880989218965093e-02
-2.106612461455580412e-02
3.323559158063019159e-02
-1.151900629137306460e-02
3.508222826164347774e-02
-9.416371619309530728e-04
3.365075990537955142e-02
9.675027896202495134e-03
2.908974232036145094e-02
1.934090470424548042e-02
2.183897463565233690e-02
2.715917499102028093e-02
1.258710599097639764e-02
3.240954721777606490e-02
2.206201158919155261e-03
3.461465064553774507e-02
-8.330501635941321009e-03
3.358343283450219291e-02
-1.803989739277339979e-02
2.942762567562010392e-02
-2.602080049574726633e-02
2.254986249884694330e-02
-3.153764428809383014e-02
1.360469140901036933e-02
-3.408830385306486910e-02
3.436266248253379545e-03
-3.344979972861125000e-02
-7.001357340918148466e-03
-2.969771347863513558e-02
-1.673380155049248794e-02
-2.319763061918630673e-02
-2.485738123581863676e-02
-1.456956415932766577e-02
-3.062306179189218380e-02
-4.628792756895750565e-03
-3.350556694507358241e-02
5.691203517438661076e-03
-3.325122630727313927e-02
1.542646780619626873e-02
-2.990023474904132325e-02
2.367265425404836351e-02
-2.378135782885944932e-02
2.966909243792677231e-02
-1.547973144651153612e-02
3.286898855430261251e-02
-5.780901381905506967e-03
3.298928839057197610e-02
4.403542922158922880e-03
3.003565338167116239e-02
1.412170288947503863e-02
2.430035260276583106e-02
2.247039124899305115e-02
1.633341664573479193e-02
2.867912664692837121e-02
6.889888199703628896e-03
3.218127513578184634e-02
-3.141759741924564798e-03
3.266576411106202060e-02
-1.282326393376724896e-02
3.010465952474526696e-02
-2.125438024930137448e-02
2.475415777819733876e-02
-2.765664261714379651e-02
1.712905652508799406e-02
-3.144527997466404351e-02
7.953228939739489037e-03
-3.228262531959046749e-02
-1.909107333940203996e-03
-3.010816750288641472e-02
-1.153483979969040230e-02
-2.514255023723789215e-02
-2.002841057655150095e-02
-1.786530947512178155e-02
-2.660519047314681418e-02
-8.968593155191691493e-03
-3.066398965248928049e-02
7.086965778667009752e-04
-3.184202822481382172e-02
1.026003717052083319e-02
-3.004731014064730699e-02
1.879626170251411099e-02
-2.546553680562275296e-02
2.552837226055268416e-02
-1.854106664167618976e-02
2.984051217350335711e-02
-9.933846940588100111e-03
3.134630330956709315e-02
-4.565151113665637597e-04
2.992343086384901749e-02
9.002371552129352986e-03
2.572335813530503279e-02
1.756168100207582128e-02
1.915543829181191177e-02
2.442983778160494682e-02
1.084706498868634982e-02
2.897806198171179806e-02
1.583734064273869700e-03
3.079794457038076069e-02
-7.765245314775531642e-03
2.973807953191257708e-02
-1.632837591908552557e-02
2.591648017836272258e-02
-2.331325965485865279e-02
1.970777021734995346e-02
-2.807994921341714842e-02
1.170652742646208916e-02
-3.019959812936799659e-02
2.670339888518653924e-03
-2.949300133353843084e-02
-6.551944173743513150e-03
-2.604559075365113149e-02
-1.509999978890230049e-02
-2.019763557125052456e-02
-2.218232443480521246e-02
-1.251073270475758226e-02
-2.714956308518205394e-02
-3.713894212498765248e-03
-2.955405027040475599e-02
5.365621689698760015e-03
-2.919012932587877057e-02
1.388013011670957524e-02
-2.611159932486849938e-02
2.104071745542382410e-02
-2.062483545050265710e-02
2.619035723156456705e-02
-1.325840106153152419e-02
2.886421495399031992e-02
-4.712148605287781039e-03
2.883157560763639077e-02
4.209282835840207765e-03
2.611562426557484731e-02
1.267226660679894069e-02
2.098940009933716877e-02
1.989210574921604704e-02
1.394847022925184941e-02
2.520583866885311303e-02
5.663051641154398345e-03
2.813312086739287732e-02
-3.085790708680818603e-03
2.841961819682708654e-02
-1.147980637543720428e-02
2.605899276163593792e-02
-1.874012339759102350e-02
2.129158609888106429e-02
-2.419954990618034679e-02
1.458010474992023180e-02
-2.736389826428902924e-02
6.564754265259498296e-03
-2.795669422062661835e-02
-1.997830785829131719e-03
-2.594322868638624519e-02
-1.030603985975474951e-02
-2.153186998764475973e-02
-1.758836037399011398e-02
-1.515269582062716246e-02
-2.317505443225224143e-02
-7.415618353655210708e-03
-2.655976450564178845e-02
9.479233664613715945e-04
-2.744538508974248003e-02
9.154134833311095010e-03
-2.577004636913393307e-02
1.644034606909834662e-02
-2.171094639583900920e-02
2.213592424336267156e-02
-1.566585769027081798e-02
2.572401116982126965e-02
-8.214216096310088255e-03
2.688840585150478746e-02
-6.159338298514546023e-05
2.554134112317053146e-02
8.027125693811858198e-03
2.182972217551023414e-02
1.529953625324438106e-02
1.611942967485105113e-02
2.108572357456370977e-02
8.959336733511983827e-03
2.485998914165605048e-02
1.028572392360907603e-03
2.628859240674555689e-02
-6.927902624050704880e-03
2.525917947186646917e-02
-1.416929983417207495e-02
2.188931028154262465e-02
-2.002799486188282935e-02
1.651347348807393617e-02
-2.397109412835796843e-02
9.649988882404094206e-03
-2.564888844619062427e-02
1.951059422083575336e-03
-2.492578870526592286e-02
-5.859201449612489246e-03
-2.189102280703270065e-02
-1.305290608180470317e-02
-1.684827037740510916e-02
-1.896624448428228457e-02
-1.028539845467988170e-02
-2.306075363872824718e-02
-2.827302768809017170e-03
-2.497233208719480679e-02
4.823594235458005149e-03
-2.454354581615534811e-02
1.195351237473023069e-02
-2.183636320733129549e-02
1.790392876347803724e-02
-1.712431733092174141e-02
2.213240961949198074e-02
-1.086501632659551617e-02
2.426204248405914796e-02
-3.655754242842024042e-03
2.411496586725755259e-02
3.823480660095736946e-03
2.172701775061566809e-02
1.087415252066651489e-02
1.734232237564391210e-02
1.684444028273664878e-02
1.138851075914929130e-02
2.118950687897491400e-02
4.435077560574990016e-03
2.352120547322793243e-02
-2.861080202459048445e-03
2.364268984364072471e-02
-9.817725700462229255e-03
2.156484623624524768e-02
-1.579109458419224524e-02
1.750319899206595128e-02
-2.023547729658116412e-02
1.185576957820167962e-02
-2.275305987456170687e-02
5.164147550007629726e-03
-2.312947204662421305e-02
-1.938425172867067146e-03
-2.135187202535620068e-02
-8.786986082266252940e-03
-1.760805967353032755e-02
-1.474711730238070784e-02
-1.226689712252265578e-02
-1.927372592108685112e-02
-5.842055621930161528e-03
-2.196088260089989336e-02
1.057354615569045756e-03
-2.257816708739544820e-02
7.784533149366339340e-03
-2.109027143114336131e-02
1.371563178958470561e-02
-1.765820866287438895e-02
1.830761700729924626e-02
-1.262221097503267789e-02
2.114797522244078049e-02
-6.468106645907051311e-03
2.199171654021982864e-02
2.195091063748175393e-04
2.078236231601811312e-02
6.812803401237115669e-03
1.765513390241590930e-02
1.269964728623108711e-02
1.292223778151860812e-02
1.734046034019752838e-02
7.041821790471033439e-03
2.031764912220430930e-02
5.736735352252229957e-04
2.137313531651858708e-02
-5.874059128933608633e-03
2.043059336967320908e-02
-1.170204768699029292e-02
1.760049823681030315e-02
-1.637549790663047830e-02
1.316770817957825870e-02
-1.947321140398456871e-02
7.562936927972143709e-03
-2.072549786157067142e-02
1.320960986560547161e-03
-2.003752985934125971e-02
-4.970387304457433812e-03
-1.749612991159569045e-02
-1.072558095041048487e-02
-1.335955086451791687e-02
-1.541589097292925432e-02
-8.031400796162331546e-03
-1.861795080015567899e-02
-2.021331330006110455e-03
-2.005192402172170998e-02
4.103686935604798115e-03
-1.960584301567433116e-02
9.772849713779738559e-03
-1.734401212207280565e-02
1.446470762481033567e-02
-1.349888582276954907e-02
1.775512377439501105e-02
-8.447372228025950419e-03
1.935556513058780612e-02
-2.673970757534527634e-03
1.913829600684325075e-02
3.275666589255713228e-03
1.714627370006639034e-02
8.846299536544159972e-03
1.358701676709415419e-02
1.352491082371018970e-02
8.811216466547928949e-03
1.688794088117387751e-02
3.278277176013091269e-03
1.863958970760495881e-02
-2.487839097708417248e-03
1.863773082506278017e-02
-7.948216168980429611e-03
1.690517463678556376e-02
-1.259934703121419128e-02
1.362542281137568180e-02
-1.601955344254557545e-02
9.123500585224049442e-03
-1.790716989010578478e-02
3.833856365266180219e-03
-1.810705467404123345e-02
-1.741518340313275449e-03
-1.662309834761240349e-02
-7.080710262785437116e-03
-1.361574942617134638e-02
-1.169073545053296408e-02
-9.384988039131103230e-03
-1.515304060116961192e-02
-4.340526164095297179e-03
-1.716146648463112365e-02
1.037814239499181739e-03
-1.754922645538923784e-02
6.245718225715702135e-03
-1.630253556654764902e-02
1.080165793105023961e-02
-1.355979871935402911e-02
1.429139680665080826e-02
-9.596632375268589546e-03
1.640561613709321312e-02
-4.798308615198824435e-03
1.696724254385313657e-02
3.776336510285182527e-04
1.594607433516311359e-02
5.444990759039640416e-03
1.345951908914527241e-02
9.934549578831629313e-03
9.759570134641981989e-03
1.343751979015627394e-02
5.207429526333079081e-03
1.564271726438330734e-02
2.383202634818858676e-04
1.636412308917533157e-02
-4.680090816107078215e-03
1.555638567669708448e-02
-9.091690509534714262e-03
1.331699402862720864e-02
-1.259419907990899645e-02
9.875112982162728009e-03
-1.487581652814394702e-02
5.568314687695589266e-03
-1.574289814872801771e-02
8.095525445535569275e-04
-1.513621125815610251e-02
-3.952386658630803115e-03
-1.313443203096212493e-02
-8.275196001640979307e-03
-9.944739454473392262e-03
-1.176410481117982562e-02
-5.881580870754336658e-03
-1.410789737424577271e-02
-1.335771347627114514e-03
-1.510659366233895601e-02
3.263052850287662555e-03
-1.468834861248274025e-02
7.487013031961683128e-03
-1.291415218324830014e-02
1.094977895258435197e-02
-9.970083914275540068e-03
1.334186505052707521e-02
-6.148036756776326453e-03
1.445821820946189933e-02
-1.816884109008625858e-03
1.421563842141912448e-02
2.613065531962824404e-03
1.265857382838269513e-02
6.728911270897665158e-03
9.952930422124814727e-03
1.015362247229682248e-02
6.368672371635090458e-03
1.258053571433407833e-02
2.253004090335913954e-03
1.380074856836794109e-02
-2.003199018737853061e-03
1.372095108280589788e-02
-6.002479652087483637e-03
1.237020274836508026e-02
-9.377890934596127756e-03
9.895197185214314045e-03
-1.182662685909941988e-02
6.544648129927122145e-03
-1.313711778640535427e-02
2.644434368285591020e-03
-1.320717219394904052e-02
-1.434028912129101585e-03
-1.205162039036065946e-02
-5.309117469284879536e-03
-9.798930516992062842e-03
-8.624681669994976527e-03
-6.677295699231583850e-03
-1.108274177515954258e-02
-2.991672464501076833e-03
-1.247020121742948434e-02
9.059324045962714430e-04
-1.267718914260468517e-02
4.650038246603146325e-03
-1.170546696451490315e-02
7.895930914607824161e-03
-9.666288843710619041e-03
1.035136392813281944e-02
-6.768099854372816929e-03
1.180280407444614550e-02
-3.295402487009122493e-03
1.213387787592098803e-02
4.190858714123902478e-04
1.133443154123603414e-02
4.026259791731910849e-03
9.499533609430409892e-03
7.193404376467326528e-03
6.818694444173890520e-03
9.634844351948512048e-03
3.556485379384608219e-03
1.113765031573794514e-02
2.652667265438539467e-05
1.158008900803130306e-02
-3.438608200076984176e-03
1.094123607482576886e-02
-6.518691674744727174e-03
9.301016571558106891e-03
-8.935392567638542408e-03
6.830851801252503346e-03
-1.047736918488946338e-02
3.775958620033787599e-03
-1.101863499593935120e-02
4.311172867447350112e-04
-1.052862334135540312e-02
-2.887713534963216172e-03
-9.073165064595010987e-03
-5.873204399829403885e-03
-6.806467928571006618e-03
-8.255071354283952112e-03
-3.955021506927299153e-03
-9.824486132773087993e-03
-7.950841355862266462e-04
-1.045227703599892720e-02
2.374010154577479905e-03
-1.009934315333367409e-02
5.258168075201801947e-03
-8.818472064815559980e-03
7.595783954006908242e-03
-6.747558263657275554e-03
9.181411486280365367e-03
-4.095030002297142015e-03
9.883712718208955209e-03
-1.119008457514537218e-03
9.656138082898783198e-03
1.897741151217894424e-03
8.539480217911120039e-03
4.674623327485939554e-03
6.656238306318932978e-03
6.959273452690548437e-03
4.197490103216489077e-03
8.550429306533663051e-03
1.403649922771753409e-03
9.315563768296909394e-03
-1.458954324681944244e-03
9.201731589868696742e-03
-4.123421110747959792e-03
8.238770397281382565e-03
-6.347111843788983895e-03
6.534717692146177828e-03
-7.933691384761132337e-03
4.264040966085512127e-03
-8.750364502277013443e-03
1.649938437611468212e-03
-8.738813367394519110e-03
-1.057512396455653498e-03
-7.918948089126794793e-03
-3.605221717698282348e-03
-6.385285130025375108e-03
-5.760697081145764106e-03
-4.296453644580610666e-03
-7.333204453174461783e-03
-1.858968128736453260e-03
-8.190550480639218964e-03
6.930912066312671727e-04
-8.270027690763379763e-03
3.120496999778465258e-03
-7.582628883840820087e-03
5.201250821319156926e-03
-6.210294174995275099e-03
6.750827003878096672e-03
-4.296611249229174284e-03
7.638448146338412681e-03
-2.031987824832463905e-03
7.797960556332870011e-03
3.651847622827058756e-04
7.232426863416577950e-03
2.669527510408841592e-03
6.012154466099903921e-03
4.669810609636750737e-03
4.266503663215011170e-03
6.188259214328742028e-03
2.170391983234991936e-03
7.096265052997912520e-03
-7.311549972574630510e-05
7.325127257739426877e-03
-2.252407428284060667e-03
6.870939935524550575e-03
-4.167232274401527423e-03
5.793314437082262673e-03
-5.647037738720291251e-03
4.208213882290078381e-03
-6.566079604266329521e-03
2.275714483018208625e-03
-6.853961139669251419e-03
1.839665486342032062e-04
-6.500737486074708617e-03
-1.869045810869202897e-03
-5.556250522333953425e-03
-3.694185840929093290e-03
-4.123905176522581900e-03
-5.128530971003816483e-03
-2.349613382441156396e-03
-6.049833968824121742e-03
-4.070698698930479229e-04
-6.386802158410937597e-03
1.519168316710185415e-03
-6.124348050291776764e-03
3.251154171472582684e-03
-5.303454301210170502e-03
4.633933908673384602e-03
-4.015809696541530575e-03
5.549325004742955078e-03
-2.393864464511027187e-03
5.925886355989016911e-03
-5.973581849256791353e-04
5.744245899679650477e-03
1.202324514719447677e-03
5.037416139940077177e-03
2.838438384106027352e-03
3.886214440629915182e-03
4.164265744309689730e-03
2.410349686578724861e-03
5.066197095354559032e-03
7.561415417358211292e-04
5.473335605419581834e-03
-9.178911852478692339e-04
5.362839523701591095e-03
-2.456151199657950496e-03
4.760617097313061229e-03
-3.720366024768304285e-03
3.737449896573967738e-03
-4.601937294918144981e-03
2.401042494678160347e-03
-5.031148606005763843e-03
8.848637753780206347e-04
-4.982459800066258750e-03
-6.650786768995130488e-04
-4.475511269124587792e-03
-2.104226982374294598e-03
-3.571876961234147704e-03
-3.302892815527669682e-03
-2.368000595233368550e-03
-4.157867720910355704e-03
-9.850977856883415262e-04
-4.601191525357060073e-03
4.429379110242532332e-04
-4.605348741710688087e-03
1.782420182388340813e-03
-4.184515854129944486e-03
2.912324094995783364e-03
-3.391871802028372830e-03
3.735143223951347281e-03
-2.313349105662002286e-03
4.185190748667666147e-03
-1.058530208897012553e-03
4.233648923013232264e-03
2.503664869978613843e-04
3.889998212931507909e-03
1.490309881545634225e-03
3.199815896138310644e-03
2.548954637034005818e-03
2.239272248382654339e-03
3.334745383893952288e-03
1.106954968233538105e-03
3.784724801777554232e-03
-8.611984506279776719e-05
3.869393075127482845e-03
-1.227307023289093057e-03
3.594262803721043689e-03
-2.212900174743275255e-03
2.998080208947866143e-03
-2.957481750429295179e-03
2.147997057952146134e-03
-3.401218438608614829e-03
1.132259129356783791e-03
-3.514494854049567997e-03
5.118398631217899858e-05
-3.299540904206268131e-03
-9.926564893356195143e-04
-2.789014079110983205e-03
-1.904097415916461639e-03
-2.041782890824332067e-03
-2.603982486617082912e-03
-1.136411579622108705e-03
-3.035937023369140661e-03
-1.630501860540383113e-04
-3.170739814658425030e-03
7.854469216706249941e-04
-3.007978089250223225e-03
1.622306206081869893e-03
-2.574932832621754791e-03
2.274699397826711496e-03
-1.922908174145848432e-03
2.689981026217348314e-03
-1.121452920688386637e-03
2.839777316262820980e-03
-2.511015931240046569e-04
2.721624272393728845e-03
6.046156827264322162e-04
2.358103205099181844e-03
1.367116477064430529e-03
1.793656146168216446e-03
1.969906865371985876e-03
1.089480476234765691e-03
2.364283007097780706e-03
3.170657256827897935e-04
2.523113034391560351e-03
-4.489570254335895788e-04
2.442423309848522264e-03
-1.137948755383640358e-03
2.140733931113594779e-03
-1.689701487330787536e-03
1.656303423860962199e-03
-2.059603851844998314e-03
1.042637676781031295e-03
-2.222102454218227371e-03
3.627633144050443673e-04
-2.172203081429995714e-03
-3.171322207002811016e-04
-1.924962075885610626e-03
-9.340625923280279240e-04
-1.513106955106539170e-03
-1.434003850896513072e-03
-9.831009730710048387e-04
-1.776530666091859310e-03
-3.900983153534568534e-04
-1.937944879907279021e-03
2.076765145365827830e-04
-1.912666974833270028e-03
7.545610882621880868e-04
-1.712842738769384003e-03
1.202562024784277180e-03
-1.366290489686198314e-03
1.515475796121788137e-03
-9.130664383815914739e-04
1.671678493673847904e-03
-4.010452317572622458e-04
1.665385222780892171e-03
1.190111502469585135e-04
1.506338020328141158e-03
5.983981011556685709e-04
1.218033569932893941e-03
9.949535836352833579e-04
8.347374844606501995e-04
1.276676179054487843e-03
3.976370630845785237e-04
1.424176199248368543e-03
-4.945185894183187021e-05
1.431787596608916904e-03
-4.643864911054197404e-04
1.307306492288414510e-03
-8.105912533541946574e-04
1.070458177149838245e-03
-1.060193917918288544e-03
7.503119163714224620e-04
-1.196142184049396682e-03
3.819534216414881972e-04
-1.213156449292384937e-03
2.779006541629304717e-06
-1.117493861301056086e-03
-3.512055672076422330e-04
-9.256180150701961897e-04
-6.487268397497405244e-04
-6.619692144745921566e-04
-8.659176893953974413e-04
-3.561067060106067159e-04
-9.881098775011900193e-04
-3.954175726088818451e-05
-1.010620759887976595e-03
2.574113136234383419e-04
-9.385234502411131906e-04
5.084579089647778228e-04
-7.854865289716063794e-04
6.935650404588387984e-04
-5.718579642607814076e-04
8.004398592050361236e-04
-3.222312733216451818e-04
8.251509166010392903e-04
-6.276763861183523780e-05
7.718882594320841933e-04
1.814445941987571529e-04
6.519461765791125874e-04
3.887343447471592142e-04
4.820834949077516200e-04
5.426855609973821196e-04
2.824689690908941406e-04
6.333197947467009842e-04
7.444659683888873438e-05
6.575543750895472854e-04
-1.216421389657769132e-04
6.189429660921653975e-04
-2.883653487944986627e-04
5.267783256394232942e-04
-4.126648918758694679e-04
3.946958109896087758e-04
-4.867643631498747448e-04
2.389574161578171465e-04
-5.084721208455222213e-04
7.661551941486585205e-05
-4.808969806370852864e-04
-7.624728926712514936e-05
-4.116530619072232143e-04
-2.060281969666566350e-04
-3.116777217147488946e-04
-3.027296934650319880e-04
-1.938169720606712704e-04
-3.606165600631283251e-04
-7.134531060904114813e-05
-3.783760780495077584e-04
4.342056058363556997e-05
-3.588083722096881037e-04
1.402764852082114422e-04
-3.081203168791148508e-04
2.119531856325426169e-04
-2.349336148331020689e-04
2.545497408348250910e-04
-1.491382373895111730e-04
2.675673752758572863e-04
-6.072842685234298049e-05
2.535783746855589096e-04
2.125178589615559069e-05
2.176011266623908275e-04
8.954989050570329504e-05
1.662784483142574988e-04
1.392616636339554133e-04
1.069696926755433597e-04
1.680705635762303157e-04
4.686638488655370070e-05
1.761754618689557734e-04
-7.771430899848980487e-06
1.659469180339702269e-04
-5.218406425377713120e-05
1.413798392909933828e-04
-8.344178419061423530e-05
1.074272420893331313e-04
-1.005227955934973570e-04
6.930558291437447220e-05
-1.041582203078233500e-04
3.185678617514558803e-05
-9.648888102433770121e-05
-9.630965361937395919e-07
-8.059703055531862513e-05
-2.642103762062893938e-05
-5.998523546186448625e-05
-4.314842952396016239e-05
-3.807410567526996187e-05
-5.109196598860922127e-05
-1.778088037972034007e-05
-5.130286966469379937e-05
-1.224244582380169782e-06
-4.561127948652648621e-05
1.042035483240015346e-05
-3.624308500455601163e-05
1.691333384830714546e-05
-2.543855244889647017e-05
1.881082509017647394e-05
-1.512598163285685003e-05
1.722784185315936727e-05
-6.690888640958275529e-06
1.355131662975506659e-05
-8.637078198291520545e-07
9.152675372625515698e-06
2.270356862351425825e-06
5.145514895366644608e-06
3.154333807988466216e-06
2.223399343475302390e-06
2.565631044076070766e-06
5.976734272507860953e-07
1.385493532158856107e-06
3.783496556838938878e-08
3.753286096931284866e-07
-0.000000000000000000e+00
0.000000000000000000e+00
