1 0.8020270995041437 0.80202734 0.8020274928897777
2 0.740667591255031 0.74066794 0.7406682599684308
3 0.6330452638722958 0.63304573 0.6330461048387453
4 0.6229265016076148 0.62292707 0.6229275658526071
5 0.5680463875335807 0.56804705 0.5680476123172169
6 0.5382346341485937 0.53823537 0.5382360167944243
7 0.5287170426788484 0.5287179 0.52871860543422
8 0.5212120466074464 0.521213 0.5212137991906405
9 0.5425540939744327 0.54255503 0.5425560300493637
10 0.5066556017965556 0.5066567 0.5066577243613024
11 0.5104555738008074 0.51045674 0.5104579008085821
12 0.5130763765448976 0.5130777 0.513078897075998
13 0.5154845147774931 0.51548594 0.5154872228906635
14 0.5173087947645539 0.5173103 0.5173116812442875
15 0.518891027034358 0.51889265 0.5188940846534852
16 0.520143091467237 0.52014476 0.5201463119433943
17 0.521196443142137 0.52119815 0.5211998190819944
18 0.5220434514840341 0.52204525 0.5220469752979408
19 0.5227417089670486 0.52274364 0.5227453735677785
20 0.5233027024889874 0.52330464 0.523306500912586
21 0.5237558980103515 0.5237579 0.5237598236594143
22 0.5241146058424446 0.5241167 0.524118652352774
23 0.5243961456300394 0.52439827 0.52440030694998
24 0.5246115695622728 0.5246138 0.5246158399021578
25 0.524772094965109 0.5247744 0.5247764688181003
26 0.5248861174725238 0.5248884 0.5248905895911056
27 0.5249613325064615 0.5249637 0.5249658979025885
28 0.5250039372778815 0.5250063 0.5250085912081738
29 0.5250193796366119 0.52502173 0.5250241175953916
30 0.5250121952298774 0.52501464 0.5250170129373201
31 0.5249863048170291 0.52498883 0.5249911982100357
32 0.5249450214614991 0.5249476 0.5249499866831366
33 0.5248911893422722 0.52489376 0.5248962227323184
34 0.5248272263819115 0.5248298 0.5248323244671605
35 0.5247552008741594 0.5247578 0.5247603603593332
36 0.5246768735806829 0.5246796 0.5246820913395142
37 0.5245937459005021 0.5245964 0.524599018967268
38 0.5245070938952213 0.52450985 0.5245124194565843
39 0.5244180011321775 0.52442074 0.5244233765194196
40 0.5243273846514458 0.52433014 0.5243328073330451
41 0.5242360184005231 0.52423877 0.5242414859750906
42 0.5241445527256273 0.5241474 0.524150062915183
43 0.5240535315149386 0.5240564 0.524059082158522
44 0.5239634067910274 0.52396625 0.5239689958386275
45 0.5238745514299044 0.52387744 0.5238801769366969
46 0.5237872701065196 0.5237901 0.5237929302274003
47 0.5237018088101549 0.5237047 0.5237075017945539
48 0.5236183630767699 0.52362126 0.5236240872637357
49 0.5235370851425275 0.52354 0.5235428389560663
50 0.5234580901486303 0.52346104 0.5234638720932909
51 0.5233814615329875 0.52338445 0.523387270189676
52 0.523307255711504 0.5233103 0.52331308973352
53 0.5232355061448034 0.5232385 0.5232413642540843
54 0.5231662268688982 0.5231692 0.5231721078524618
55 0.5230994155599135 0.52310246 0.5231053182664887
56 0.5230350561923366 0.5230381 0.5230409795291708
57 0.5229731213430773 0.52297616 0.5229790642729134
58 0.5229135741864023 0.5229167 0.5229195357246152
59 0.522856370219181 0.5228595 0.522862349431064
60 0.522801458750687 0.52280456 0.5228074547488821
61 0.5227487841869102 0.52275187 0.522754796128973
62 0.5226982871354907 0.5227014 0.5227043142215849
63 0.5226499053541297 0.52265304 0.5226559468248397
64 0.5226035745624384 0.5226067 0.5226096296967001
65 0.5225592291347173 0.5225623 0.5225652972478538
66 0.5225168026889557 0.5225199 0.5225228831308186
67 0.5224762285854584 0.5224793 0.5224823207386646
68 0.5224374403468283 0.5224405 0.5224435436250893
69 0.5224003720095882 0.5224034 0.5224064858561253
70 0.5223649584164392 0.52236813 0.5223710823024826
71 0.5223311354570467 0.5223343 0.5223372688804117
72 0.5222988402642531 0.52230203 0.5223049827479892
73 0.5222680113717639 0.52227116 0.5222741624628757
74 0.5222385888385985 0.5222418 0.5222447481068312
75 0.5222105143449295 0.5222137 0.5222166813816161
76 0.5221837312633574 0.52218693 0.5221899056803294
77 0.5221581847091584 0.5221614 0.5221643661377061
78 0.5221338215725861 0.52213705 0.5221400096624785
79 0.5221105905359262 0.5221138 0.5221167849544772
80 0.5220884420776467 0.5220916 0.5220946425088301
81 0.5220673284656914 0.5220705 0.5220735346093016
82 0.5220472037416912 0.5220504 0.5220534153125471
83 0.5220280236976422 0.52203125 0.5220342404248296
84 0.5220097458463839 0.5220129 0.5220159674725391
85 0.5219923293870438 0.5219955 0.5219985556676721
86 0.5219757351664481 0.521979 0.5219819658692769
87 0.521959925637363 0.5219631 0.5219661605417293
88 0.5219448648143142 0.52194804 0.5219511037105797
89 0.5219305182276178 0.52193373 0.5219367609166186
90 0.521916852876177 0.5219201 0.5219230991686963
91 0.521903837179504 0.52190703 0.5219100868957749
92 0.5218914409293668 0.5218947 0.5218976938985977
93 0.5218796352413937 0.5218829 0.5218858913013199
94 0.5218683925069177 0.5218717 0.521874651503374
95 0.5218576863452966 0.5218609 0.521863948131812
96 0.5218474915569001 0.52185076 0.5218537559943129
97 0.5218377840769268 0.521841 0.5218440510330198
98 0.5218285409301794 0.5218318 0.5218348102793312
99 0.5218197401869004 0.521823 0.5218260118097571
100 0.5218113609197503 0.5218146 0.5218176347029115
