1 0.80202734 1.8853922123529543e-07
2 0.74066794 3.2631070590039e-07
3 0.63304573 4.142617432423279e-07
4 0.62292707 5.256498301076107e-07
5 0.56804705 6.068048414853422e-07
6 0.53823537 6.861568693228293e-07
7 0.5287179 7.761796436689394e-07
8 0.521213 8.711370472758162e-07
9 0.54255503 9.624451882128682e-07
10 0.5066567 1.0561462477909345e-06
11 0.51045674 1.1583301926521017e-06
12 0.5130777 1.2550633480268303e-06
13 0.51548594 1.3488282414320096e-06
14 0.5173103 1.4379901164263131e-06
15 0.51889265 1.5235407184732708e-06
16 0.52014476 1.6049529748540792e-06
17 0.52119815 1.6826704370975776e-06
18 0.52204525 1.756594965818259e-06
19 0.52274364 1.8269773176537996e-06
20 0.52330464 1.8938790087297264e-06
21 0.5237579 1.957483089509715e-06
22 0.5241167 2.01790604847929e-06
23 0.52439827 2.075303993986921e-06
24 0.5246138 2.129807848860743e-06
25 0.5247744 2.181558904301717e-06
26 0.5248884 2.230686752868749e-06
27 0.5249637 2.2773210780480113e-06
28 0.5250063 2.3215841379320423e-06
29 0.52502173 2.363594735266261e-06
30 0.52501464 2.40346577673467e-06
31 0.52498883 2.441305560818563e-06
32 0.5249476 2.4772171501874496e-06
33 0.52489376 2.5112988684128368e-06
34 0.5248298 2.54364420071429e-06
35 0.5247578 2.574342085059911e-06
36 0.5246796 2.6034770272964636e-06
37 0.5245964 2.631129233821028e-06
38 0.52450985 2.657374948533686e-06
39 0.52442074 2.6822864079845132e-06
40 0.52433014 2.7059322336153713e-06
41 0.52423877 2.7283774677311357e-06
42 0.5241474 2.749683816860582e-06
43 0.5240564 2.769909769662071e-06
44 0.52396625 2.7891107994282294e-06
45 0.52387744 2.8073394927607964e-06
46 0.5237901 2.8246456845737455e-06
47 0.5237047 2.8410766614861416e-06
48 0.52362126 2.856677218776582e-06
49 0.52354 2.8714898331339e-06
50 0.52346104 2.885554770237775e-06
51 0.52338445 2.8989102001109046e-06
52 0.5233103 2.911592334009505e-06
53 0.5232385 2.92363545095764e-06
54 0.5231692 2.9350721205689823e-06
55 0.52310246 2.945933199605122e-06
56 0.5230381 2.956247910912424e-06
57 0.52297616 2.9660440281631395e-06
58 0.5229167 2.9753478634209074e-06
59 0.5228595 2.984184366394693e-06
60 0.52280456 2.992577197158397e-06
61 0.52275187 3.0005488341755537e-06
62 0.5227014 3.0081205673049283e-06
63 0.52265304 3.0153126105991745e-06
64 0.5226067 3.0221441345013034e-06
65 0.5225623 3.028633340562692e-06
66 0.5225199 3.034797477985407e-06
67 0.5224793 3.040652939878541e-06
68 0.5224405 3.046215260815721e-06
69 0.5224034 3.0514992185315393e-06
70 0.52236813 3.0565188180453617e-06
71 0.5223343 3.0612873069824076e-06
72 0.52230203 3.0658173573172576e-06
73 0.52227116 3.070120898951423e-06
74 0.5222418 3.0742093320990094e-06
75 0.5222137 3.0780934395790993e-06
76 0.52218693 3.0817834645313624e-06
77 0.5221614 3.0852891528265758e-06
78 0.52213705 3.0886197218693567e-06
79 0.5221138 3.0917839580757445e-06
80 0.5220916 3.0947901819011747e-06
81 0.5220705 3.0976463066823e-06
82 0.5220504 3.1003598456313952e-06
83 0.52203125 3.1029379393698875e-06
84 0.5220129 3.105387336388432e-06
85 0.5219955 3.107714516059623e-06
86 0.521979 3.1099255590749664e-06
87 0.5219631 3.112026274898483e-06
88 0.52194804 3.1140221686820624e-06
89 0.52193373 3.115918478346913e-06
90 0.5219201 3.1177201940124633e-06
91 0.52190703 3.119432020581847e-06
92 0.5218947 3.1210584752194848e-06
93 0.5218829 3.1226037769949144e-06
94 0.5218717 3.124072018190205e-06
95 0.5218609 3.1254669973224125e-06
96 0.52185076 3.126792420871105e-06
97 0.521841 3.1280517185372503e-06
98 0.5218318 3.129248232314197e-06
99 0.521823 3.1303850531738675e-06
100 0.5218146 3.1314651768310497e-06
