1 0 2.3833285611729593e-07
2 0 4.3998769183595243e-07
3 0 6.374725171065521e-07
4 0 8.28559480581248e-07
5 0 1.017824202476092e-06
6 0 1.2027194844499434e-06
7 0.10494871 1.3877205522483393e-06
8 0.10494871 1.5730455646956187e-06
9 0.10494871 1.7597590589168988e-06
10 0.10494871 1.947065730312225e-06
11 0.10494871 2.1352288956943966e-06
12 0.10494871 2.3239574812317088e-06
13 0.10494871 2.5132956867901513e-06
14 0.10494871 2.70312109440507e-06
15 0.10494871 2.893422918814892e-06
16 0.10494871 3.0841412342885732e-06
17 0.10494871 3.2752555153559015e-06
18 0.10494871 3.4667318633552213e-06
19 0.10494871 3.6585513566445016e-06
20 0.10494871 3.8506923122350045e-06
21 0.10494871 4.043139345433211e-06
22 0.10494871 4.2358772009976065e-06
23 0.10494871 4.428893576546855e-06
24 0.10494871 4.622176919211185e-06
25 0.10494871 4.815717246087203e-06
26 0.10494871 5.009505327890906e-06
27 0 5.203576205703442e-06
28 0 5.397943165119656e-06
29 0 5.5925910669163414e-06
30 0 5.7875061731937905e-06
31 0 5.982675996163422e-06
32 0 6.178089056563252e-06
33 0 6.373734872777703e-06
34 0 6.569603698824977e-06
35 0 6.765686552112626e-06
36 0 6.961975087094174e-06
37 0 7.158461517442483e-06
38 0 7.355138542330941e-06
39 0 7.551999348320848e-06
40 0 7.749037510884627e-06
41 0 7.946246988077554e-06
42 0 8.143622095557745e-06
43 0 8.341157420543865e-06
44 0 8.53884787188619e-06
45 0 8.736688600352593e-06
46 0 8.934675024052652e-06
47 0 9.132802751166125e-06
48 0 9.331067635898194e-06
49 0 9.529465719637642e-06
50 0 9.727993203867413e-06
51 0 9.92664648191699e-06
52 0 1.0125422073459234e-05
53 0 1.0324316706444847e-05
54 0 1.052332719986282e-05
55 0 1.0722450536682082e-05
56 0 1.0921683809339555e-05
57 0 1.1121024242610744e-05
58 0 1.1320469166076208e-05
59 0 1.1520052664693026e-05
60 0 1.1719771700668957e-05
61 0 1.191962333879637e-05
62 0 1.211960472913276e-05
63 0 1.2319713165398483e-05
64 0 1.2519946007594207e-05
65 0 1.2720300709312404e-05
66 0 1.2920774796421064e-05
67 0 1.3121365887824865e-05
68 0 1.3322071671595381e-05
69 0 1.3522889920736247e-05
70 0 1.3723818462429982e-05
71 0 1.3924855174374251e-05
72 0 1.4125998021419228e-05
73 0 1.4327245011380718e-05
74 0 1.4528594211471457e-05
75 0 1.4730043759403344e-05
76 0 1.4931591821198964e-05
77 0 1.5133236618281032e-05
78 0 1.533497640227033e-05
79 0 1.553680951182912e-05
80 0 1.5738734296943946e-05
81 0 1.594074915056698e-05
82 0 1.6142852504286154e-05
83 0 1.6345042862742076e-05
84 0 1.654731871481019e-05
85 0 1.6749678636407417e-05
86 0 1.695212119834366e-05
87 0 1.7154645046368877e-05
88 0 1.7357248816907145e-05
89 0 1.7559931191235556e-05
90 0 1.7762690899036926e-05
91 0 1.796552669164342e-05
92 0 1.8168437326382403e-05
93 0 1.837142161664751e-05
94 0 1.8574478383159843e-05
95 0 1.8777606475950392e-05
96 0 1.8980804781021376e-05
97 0 1.9184072197031554e-05
98 0 1.938740765616842e-05
99 0 1.9590810122149804e-05
100 0 1.9794278548035393e-05
